0000
13.919139 -12.892561 7.593573
0.780483 0.483536 0.208704 0.336872
-0.651558 0.614170 -0.445271
0002
13.169585 -13.319193 7.593573
0.787642 0.487972 0.198111 0.319774
-0.624162 0.641993 -0.445271
0004
10.897587 -14.520885 7.593573
0.807069 0.500007 0.165400 0.266974
-0.533956 0.718766 -0.445271
0006
7.548860 -16.063847 7.593573
0.829282 0.513769 0.115783 0.186887
-0.384068 0.808842 -0.445272
0008
4.100944 -17.265539 7.593573
0.843911 0.522832 0.063331 0.102223
-0.213782 0.869500 -0.445271
0010
1.350670 -17.692171 7.593573
0.849423 0.526247 0.020704 0.033419
-0.070347 0.892628 -0.445271
0012
-0.906950 -17.671497 7.593573
0.849805 0.526484 -0.013380 -0.021597
0.045481 0.894240 -0.445271
0014
-3.090917 -17.514814 7.593573
0.847014 0.524754 -0.044691 -0.072137
0.151417 0.882500 -0.445272
0016
-5.148842 -17.049343 7.593573
0.841462 0.521315 -0.074800 -0.120735
0.251765 0.859272 -0.445272
0018
-7.061928 -16.172411 7.593573
0.832648 0.515854 -0.106107 -0.171269
0.353399 0.822704 -0.445271
0020
-8.858668 -14.926295 7.593573
0.819519 0.507720 -0.139944 -0.225886
0.458747 0.768950 -0.445271
0022
-10.610102 -13.284310 7.593573
0.800984 0.496237 -0.176389 -0.284712
0.565138 0.694516 -0.445271
0024
-12.303146 -11.138201 7.593573
0.776122 0.480834 -0.214855 -0.346800
0.667014 0.597349 -0.445271
0026
-13.830433 -8.629337 7.593573
0.745370 0.461783 -0.253222 -0.408729
0.754975 0.481400 -0.445271
0028
-15.118210 -6.075856 7.593573
0.710977 0.440475 -0.288697 -0.465991
0.821029 0.357275 -0.445271
0030
-16.180107 -3.740765 7.593573
0.675406 0.418437 -0.319804 -0.516200
0.863990 0.235064 -0.445271
0032
-17.083866 -1.539989 7.593573
0.639110 0.395951 -0.347257 -0.560512
0.887741 0.116828 -0.445271
0034
-17.802502 0.673336 7.593573
0.602145 0.373050 -0.371750 -0.600048
0.895390 0.003124 -0.445271
0036
-18.266916 2.847921 7.593573
0.565066 0.350078 -0.393458 -0.635087
0.889321 -0.104126 -0.445271
0038
-18.485786 4.933156 7.593573
0.527419 0.326754 -0.413033 -0.666682
0.871365 -0.206051 -0.445271
0040
-18.539238 6.915996 7.593573
0.488282 0.302507 -0.431107 -0.695857
0.842007 -0.304560 -0.445271
0042
-18.265715 8.882195 7.593573
0.448864 0.278087 -0.447250 -0.721912
0.803016 -0.396104 -0.445271
0044
-17.366697 10.851958 7.593573
0.410704 0.254445 -0.461110 -0.744284
0.757517 -0.477390 -0.445271
0046
-15.867167 12.694126 7.593573
0.372240 0.230615 -0.473477 -0.764247
0.704988 -0.552019 -0.445271
0048
-14.027416 14.290116 7.593573
0.330836 0.204965 -0.485133 -0.783060
0.641998 -0.624157 -0.445271
0050
-12.153316 15.620373 7.593573
0.284824 0.176458 -0.496212 -0.800944
0.565332 -0.694358 -0.445271
0052
-10.106577 16.793108 7.593573
0.232349 0.143948 -0.506600 -0.817710
0.470832 -0.761611 -0.445272
0054
-7.644215 17.808783 7.593573
0.172892 0.107113 -0.515646 -0.832312
0.356605 -0.821320 -0.445272
0056
-4.979253 18.539059 7.593573
0.111220 0.068905 -0.522127 -0.842773
0.232284 -0.864741 -0.445271
0058
-2.460195 18.928980 7.593573
0.054238 0.033602 -0.525581 -0.848348
0.114026 -0.888106 -0.445271
0060
-0.316991 19.037045 7.593573
-0.005934 -0.003676 0.526641 0.850059
0.012501 -0.895308 -0.445272
0062
1.448541 19.027960 7.593573
0.031335 0.019413 0.526296 0.849502
-0.065966 -0.892962 -0.445271
0064
2.899801 18.949434 7.593573
0.057117 0.035386 0.525464 0.848159
-0.120052 -0.887311 -0.445271
0066
4.182929 18.706507 7.593573
0.078479 0.048621 0.524405 0.846449
-0.164620 -0.880133 -0.445271
0068
5.548094 18.240725 7.593573
0.106036 0.065693 0.522541 0.843441
-0.221633 -0.867532 -0.445272
0070
7.167146 17.572756 7.593573
0.146101 0.090514 0.518817 0.837431
-0.303199 -0.842499 -0.445271
0072
9.289577 16.463648 7.593573
0.199169 0.123392 0.511995 0.826419
-0.407894 -0.797092 -0.445272
0074
11.956861 14.630451 7.593573
0.263480 0.163235 0.500718 0.808217
-0.527716 -0.723360 -0.445272
0076
14.601156 12.296593 7.593573
0.332012 0.205693 0.484825 0.782562
-0.643870 -0.622226 -0.445272
0078
16.507702 9.937220 7.593573
0.394458 0.244380 0.466522 0.753020
-0.736093 -0.509804 -0.445272
0080
17.335810 7.932862 7.593573
0.444904 0.275634 0.448766 0.724359
-0.798631 -0.404874 -0.445271
0082
17.578505 6.171649 7.593573
0.486034 0.301115 0.432081 0.697429
-0.840024 -0.309988 -0.445271
0084
17.719027 4.452482 7.593573
0.520796 0.322651 0.416246 0.671868
-0.867117 -0.223253 -0.445271
0086
17.781384 2.820766 7.593573
0.549713 0.340566 0.401720 0.648422
-0.883323 -0.146542 -0.445271
0088
17.825899 1.301085 7.593573
0.574965 0.356211 0.387915 0.626140
-0.892151 -0.076161 -0.445272
0090
17.905254 -0.120720 7.593573
0.598869 0.371020 0.373776 0.603317
-0.895371 -0.006627 -0.445271
0092
17.984102 -1.625636 7.593573
0.624022 0.386603 0.357634 0.577263
-0.892687 0.069599 -0.445271
0094
18.024258 -3.254558 7.593573
0.649803 0.402576 0.339554 0.548080
-0.882574 0.150984 -0.445271
0096
18.073120 -4.691356 7.593573
0.671311 0.415900 0.323096 0.521515
-0.867592 0.221398 -0.445271
0098
18.187763 -5.606328 7.593573
0.684398 0.424009 0.312380 0.504217
-0.855169 0.265367 -0.445271
0100
18.393351 -5.896521 7.593573
0.688447 0.426517 0.308946 0.498674
-0.850772 0.279142 -0.445271
0102
18.753040 -5.896521 6.804238
0.681601 0.435984 0.322795 0.491062
-0.868225 0.277309 -0.411442
0104
19.294281 -5.896519 4.580926
0.661618 0.461934 0.360712 0.467724
-0.909422 0.273820 -0.313008
0106
19.870853 -5.896517 1.726211
0.634538 0.493654 0.406783 0.433814
-0.944547 0.273549 -0.181667
0108
20.283007 -5.896516 -0.497103
0.612427 0.517073 0.440395 0.404500
-0.957732 0.277060 -0.077375
0110
20.423069 -5.896515 -1.286437
0.604377 0.525111 0.451813 0.393512
-0.959406 0.279142 -0.040247
0112
20.380693 -6.274235 -1.286437
0.607828 0.529079 0.447160 0.388161
-0.954328 0.296039 -0.040247
0114
20.202374 -7.416545 -1.286437
0.618183 0.541072 0.432572 0.371448
-0.936776 0.347607 -0.040247
0116
19.815132 -9.093704 -1.286437
0.633038 0.558525 0.409789 0.345523
-0.904790 0.423951 -0.040247
0118
19.205467 -10.809509 -1.286437
0.647871 0.576309 0.384376 0.316839
-0.863246 0.503177 -0.040247
0120
18.429193 -12.162979 -1.286437
0.659625 0.590725 0.361829 0.291579
-0.821830 0.568310 -0.040247
0122
17.512955 -13.263425 -1.286437
0.669042 0.602539 0.341794 0.269270
-0.781840 0.622178 -0.040247
0124
16.400511 -14.321812 -1.286437
0.677668 0.613626 0.321465 0.246759
-0.738528 0.673021 -0.040247
0126
15.076328 -15.303241 -1.286437
0.685801 0.624383 0.300038 0.223161
-0.690208 0.722491 -0.040247
0128
13.601162 -16.192520 -1.286437
0.693595 0.635066 0.276709 0.197610
-0.634840 0.771595 -0.040247
0130
12.067782 -17.005245 -1.286437
0.700895 0.645554 0.251270 0.169909
-0.571599 0.819546 -0.040247
0132
10.496547 -17.832695 -1.286437
0.707353 0.655442 0.224214 0.140623
-0.501537 0.864199 -0.040247
0134
8.827988 -18.685062 -1.286437
0.712801 0.664575 0.195491 0.109721
-0.424528 0.904520 -0.040247
0136
7.022565 -19.408655 -1.286437
0.717109 0.672897 0.164579 0.076673
-0.339228 0.939843 -0.040247
0138
5.081964 -19.856638 -1.286437
0.719998 0.680135 0.131504 0.041541
-0.245872 0.968466 -0.040247
0140
3.047872 -19.996058 -1.286437
0.721179 0.685927 0.096851 0.004984
-0.146532 0.988387 -0.040247
0142
0.844520 -19.949419 -1.286437
0.720447 0.690063 0.060737 -0.032853
-0.042175 0.998299 -0.040247
0144
-1.600304 -19.744347 -1.286437
0.717547 0.692360 0.022667 -0.072454
0.067799 0.996887 -0.040247
0146
-4.126890 -19.283188 -1.286437
0.712202 0.692519 -0.017133 -0.113543
0.181665 0.982537 -0.040247
0148
-6.500641 -18.538939 -1.286437
0.704313 0.690321 -0.057736 -0.155135
0.295515 0.954490 -0.040247
0150
-8.583065 -17.574924 -1.286437
0.694003 0.685747 -0.098121 -0.196173
0.405243 0.913323 -0.040247
0152
-10.452012 -16.417168 -1.286437
0.681224 0.678766 -0.138398 -0.236766
0.509976 0.859246 -0.040247
0154
-12.162817 -14.994198 -1.286437
0.665730 0.669200 -0.179020 -0.277358
0.609574 0.791707 -0.040247
0156
-13.672711 -13.304543 -1.286437
0.647569 0.657032 -0.219512 -0.317455
0.701454 0.711577 -0.040247
0158
-15.003639 -11.447778 -1.286437
0.627026 0.642438 -0.259133 -0.356317
0.782790 0.620983 -0.040247
0160
-16.226254 -9.551952 -1.286437
0.604444 0.625677 -0.297329 -0.393409
0.851731 0.522431 -0.040247
0162
-17.460354 -7.591053 -1.286437
0.579753 0.606712 -0.334330 -0.428964
0.908173 0.416655 -0.040247
0164
-18.687613 -5.470595 -1.286437
0.552848 0.585462 -0.370285 -0.463122
0.951704 0.304368 -0.040247
0166
-19.699280 -3.226522 -1.286437
0.524156 0.562264 -0.404643 -0.495363
0.981241 0.188537 -0.040247
0168
-20.311382 -0.951661 -1.286437
0.494210 0.537571 -0.436914 -0.525243
0.996565 0.072374 -0.040247
0170
-20.498842 1.271940 -1.286437
0.463346 0.511691 -0.466957 -0.552661
0.998308 -0.041958 -0.040247
0172
-20.436001 3.518550 -1.286437
0.432368 0.485336 -0.494293 -0.577219
0.987723 -0.150943 -0.040247
0174
-20.155481 5.855540 -1.286437
0.401863 0.459059 -0.518789 -0.598857
0.966785 -0.252402 -0.040247
0176
-19.517405 8.172194 -1.286437
0.370669 0.431890 -0.541616 -0.618650
0.935897 -0.349966 -0.040247
0178
-18.479576 10.335176 -1.286437
0.336863 0.402138 -0.564058 -0.637689
0.892898 -0.448456 -0.040247
0180
-17.128242 12.285724 -1.286437
0.299252 0.368694 -0.586465 -0.656180
0.834861 -0.548988 -0.040247
0182
-15.449951 14.272254 -1.286437
0.257800 0.331449 -0.608291 -0.673545
0.760126 -0.648528 -0.040247
0184
-13.326026 16.382481 -1.286437
0.212615 0.290425 -0.628912 -0.689143
0.667721 -0.743323 -0.040247
0186
-10.850043 18.217712 -1.286437
0.164602 0.246379 -0.647436 -0.702161
0.559134 -0.828100 -0.040247
0188
-8.275167 19.374567 -1.286437
0.115766 0.201124 -0.662892 -0.711844
0.439818 -0.897185 -0.040247
0190
-5.829618 19.739017 -1.286437
0.067839 0.156283 -0.674872 -0.717998
0.315987 -0.947910 -0.040247
0192
-3.451787 19.704348 -1.286437
0.020461 0.111550 -0.683691 -0.720905
0.188812 -0.981188 -0.040247
0194
-1.006680 19.559128 -1.286437
0.027001 -0.066339 0.689547 0.720690
0.058383 -0.997483 -0.040247
0196
1.466355 19.244957 -1.286437
0.073862 -0.021308 0.692403 0.717404
-0.071711 -0.996613 -0.040247
0198
3.906560 18.751719 -1.286437
0.119505 0.022934 0.692352 0.711226
-0.198101 -0.979355 -0.040247
0200
6.276052 18.124928 -1.286437
0.163707 0.066145 0.689566 0.702370
-0.318690 -0.947004 -0.040247
0202
8.710185 17.502323 -1.286437
0.205554 0.107399 0.684355 0.691282
-0.429830 -0.902013 -0.040247
0204
11.269151 16.882524 -1.286437
0.244541 0.146151 0.677138 0.678471
-0.529495 -0.847358 -0.040247
0206
13.724703 16.034435 -1.286437
0.282316 0.184008 0.667846 0.663642
-0.621318 -0.782524 -0.040247
0208
15.825363 14.750461 -1.286437
0.320996 0.223107 0.655820 0.645821
-0.709206 -0.703852 -0.040247
0210
17.479731 12.997821 -1.286437
0.361451 0.264397 0.640290 0.624081
-0.792877 -0.608052 -0.040247
0212
18.801386 10.733394 -1.286437
0.403284 0.307565 0.620709 0.597901
-0.868431 -0.494173 -0.040247
0214
19.800415 7.868174 -1.286437
0.445837 0.352038 0.596612 0.566880
-0.931110 -0.362512 -0.040247
0216
20.399918 4.614762 -1.286437
0.487501 0.396224 0.568228 0.531475
-0.975190 -0.217679 -0.040247
0218
20.653894 1.391721 -1.286437
0.526089 0.437834 0.536822 0.493309
-0.996807 -0.068960 -0.040247
0220
20.707909 -1.481508 -1.286437
0.560327 0.475444 0.503815 0.454045
-0.996349 0.075298 -0.040247
0222
20.532921 -4.157149 -1.286437
0.590129 0.508856 0.470045 0.414574
-0.976691 0.210844 -0.040247
0224
19.893299 -6.815938 -1.286437
0.616027 0.538564 0.435689 0.375012
-0.940729 0.336763 -0.040247
0226
18.678129 -9.324172 -1.286437
0.639091 0.565734 0.399778 0.334196
-0.889120 0.455902 -0.040247
0228
16.965044 -11.568771 -1.286437
0.660263 0.591517 0.360533 0.290132
-0.819330 0.571909 -0.040247
0230
14.963650 -13.539703 -1.286437
0.679513 0.616038 0.316819 0.241631
-0.728273 0.684105 -0.040247
0232
12.135166 -15.441021 -1.286437
0.698449 0.641974 0.260280 0.179702
-0.594313 0.803226 -0.040247
0234
8.092426 -17.302271 -1.286437
0.714156 0.667041 0.186904 0.100519
-0.401058 0.915168 -0.040247
0236
3.885995 -18.815567 -1.286437
0.720840 0.683349 0.113626 0.022650
-0.194769 0.980023 -0.040247
0238
0.916718 -19.720993 -1.286437
0.720560 0.689843 0.063195 -0.030286
-0.049287 0.997973 -0.040247
0240
-0.085360 -19.996059 -1.286437
0.719616 0.691170 0.046489 -0.047708
-0.000961 0.999189 -0.040247
